PULSE OXIMETER - Loading...
60 HR 99% SpO2


IR value continuously printed
2914
2918
2916
2926
2932
2938
2918
2882
2886
2888
2886
2892
2898
2904
2906
2908
2916
2882
2866
2868
2872
2868
2876
2882
2884
2890
2896
2900
2860
2856
2856
2856
2856
2858
2864
2868
2870
2876
2874
2840
2840
2846
2846
2850
2856
2858
2864
2866
2872
2848
2834
2840
2846
2846
2854
2858
2858
2864
2870
2876
2844
2840
2846
2848
2850
2858
2858
2862
2866
2872

82 HR 87% SpO2
27	IRMin...error
16	AVG...error
2938	IRmax...ok
32760	dTmAVG...?
70	counts=70


2878
2866
2854
2854
2858
2860
2864
2870
2874
2878
2884
2890
2896
2900
2868
2868
2868
2870
2872
2880
2884
2888
2896
2902
2906
2914
2886
2882
2890
2894
2894
2902
2908
2912
2916
2922
2924
2932
2932
2898
2904
2910
2912
2920
2926
2930
2936
2944
2950
2958
2942
2920
2926
2932
2934
2940
2948
2952
1724............? red partial value
2966
2974
2980
2942
2942
2946
2950
2952
2960
2966
2970

1148 HR 106% SpO2
1724	IRmin...error (see comment above)
2352	AVG...ok, considering min max values
2980	IRmax...ok
2351	dTmAVG...(seems like a IR value?!)
70	Cnt...ok


2976
2986
2992
2996
2952
2956
2960
2962
1740............
2970
2974
2976
2982
2986
2990
2988
2944
2944
2950
2948
2952
2956
2962
2966
2972
2978
2986
2950
2946
2950
2952
2956
2960
2966
2968
2972
2980
1748..................
2958
2942
2942
2946
2946
2950
2954
2956
2962
2964
2970
2954
2930
2928
2932
2930
2936
2940
2944
2950
2952
2960
2964
2924
2918
2918
2918
2922
2926
2932
2936
2942

3107 HR 107% SpO2
1740	min...error (as before)
36	avg...error (wrong calculation!)
2996	max...ok
869	dTmAVG...error (because avg is wrong)
70	Cnt...ok

2946
2954
2936
2914
1756
2920
2920
2928
2934
2940
2948
2954
2952
2956
2952
2920
2920
2908
2874
2850
2826
2806
2782
2744
2698
2682
2700
2494
2266
2232
2308
2334
2356
2382
2382
